,pollutant_avg
0,40.074930622645155
1,2.2477171687938573
2,6.120595569269885
3,5.622038116527883
4,10.544616375050346
5,46.1702978654469
6,22.298294247026647
7,102.86473419386772
8,2.2477171687938573
9,26.641159819023915
10,11.821983299361282
11,101.34951747917435
12,68.96027650236368
13,63.99661920312226
14,20.550115867319867
15,9.602485203697638
16,21.205989785057
17,29.450225706401223
18,37.34842959271807
19,57.799939272410114
20,12.921066438520308
21,43.210467124454034
22,25.36440049077963
23,4.58510854517857
24,37.391321693967086
25,42.70742839563038
26,21.51630032910454
27,2.2477171687938573
28,21.957382553824267
29,13.710893941749426
30,17.270014957042697
31,87.51285096630383
32,40.83716424985272
33,23.006669252654444
34,7.116342635382767
35,64.04719743525118
36,87.16978809387675
37,22.13343143654335
38,56.647937207982814
39,147.75069477422304
40,15.120726603093685
41,27.378677363439866
42,9.334902088132164
43,34.592615764028146
44,16.423814673268076
45,38.805377217412904
46,7.920804815503345
47,38.90741166249482
48,102.57713970020157
49,18.783677874425777
50,25.556293500790957
51,70.87549550279215
52,53.461222117253655
53,21.81152541096712
54,6.972721685812793
55,39.215223937977896
56,2.2477171687938573
57,21.64197457152878
58,21.30083392178452
59,28.260654701059693
60,8.892901982850356
61,2.2477171687938573
62,11.665613608649586
63,8.879120588933045
64,3.2648514194950375
65,21.64197457152878
66,80.58146347144034
67,21.232839601906818
68,88.75638954249371
69,4.7190559636433385
70,16.4789856075108
71,71.76825654900655
72,71.03956855399504
73,52.12430250546194
74,22.294777763510165
75,6.120595569269885
76,51.45408406122978
77,27.282924334657338
78,2.2477171687938573
79,15.171202629924723
80,16.38693814653103
81,4.7190559636433385
82,6.120595569269885
83,19.9255670180007
84,112.0884291354407
85,27.56595868935766
86,42.529398486446446
87,3.2648514194950375
88,73.61715238927738
89,5.622038116527883
90,14.4789978196583
91,87.42579186149462
92,68.87361973592746
93,31.54175891155293
94,26.13669337775285
95,52.16101365762463
96,114.21654179841484
97,23.288850795547308
98,5.409853065890438
99,61.36474109150113
100,21.245135056452273
101,64.46112630719665
102,65.50873610906412
103,14.356492813408678
104,7.920804815503345
105,100.27037038202592
106,6.120595569269885
107,19.99133960408508
108,11.326644302153518
109,9.053153715822145
110,2.2477171687938573
111,38.79018883938537
112,28.820458707299476
113,35.651043664380055
114,37.1257006981082
115,40.78366345330613
116,24.763431029813702
117,35.10706913373677
118,19.20479772516271
119,2.2477171687938573
120,70.13367970996336
121,8.292140208693642
122,19.383301191355578
123,21.273148024348625
124,107.59191936438103
125,25.807591857718293
126,18.12392788172394
127,3.2648514194950375
128,29.56497730158999
129,2.2477171687938573
130,37.9262499842358
131,16.7762144887252
132,36.41674258101063
133,21.13507034338756
134,103.21301564408917
135,6.4106927649193395
136,16.91276779813397
137,23.86788629573844
138,20.91739800727652
139,42.930247079471975
140,30.51543283940091
141,10.707350167487942
142,7.801260127613153
143,21.301141757435726
144,12.981048545037504
145,5.622038116527883
146,51.16176437004201
147,29.37374922621083
148,60.56580200836708
149,82.04701735054198
150,39.916048285470445
151,47.8943899232652
152,93.3282267984423
153,42.58643205196038
154,42.77927610216282
155,100.29490121153725
156,61.36078915855388
157,50.22864362448209
158,67.35459145588705
159,53.6849672817581
160,3.2648514194950375
161,5.622038116527883
162,93.51061442470494
163,68.01929760571237
164,8.962232847470679
165,2.2477171687938573
166,22.18991040864281
167,65.3751806269972
168,67.33787328003802
169,9.683352989145417
170,67.63047411537156
171,3.2648514194950375
172,11.833776281047223
173,10.95944926415419
174,53.47588800691956
175,6.830578482441135
176,2.2477171687938573
177,86.15153218890596
178,47.80255972046552
179,20.353005841950306
180,44.73568231884119
181,22.254206334938736
182,46.96401371420954
183,2.2477171687938573
184,56.89858443009754
185,51.035589160970794
186,21.719404379221093
187,3.2648514194950375
188,22.186393925126325
189,6.073856771471748
190,21.719404379221093
191,36.51949590323021
192,102.52769521486367
193,129.6195239957243
194,47.56410027210266
195,89.07827483962545
196,18.693155611928514
197,144.65157312750887
198,21.625293268109978
199,79.33366233896824
200,21.81152541096712
201,46.49429912949694
202,5.409853065890438
203,18.783677874425777
204,20.710822524260877
205,2.2477171687938573
206,21.6688243883786
207,17.833246437317513
208,92.2563994603436
209,10.972210830996257
210,6.120595569269885
211,80.6064428749355
212,16.725562639302385
213,5.106660925158928
214,14.89571802020429
215,6.279941112925156
216,46.00251137742151
217,8.286589448471027
218,62.62357163132705
219,13.451484365354574
220,30.030124748421
221,18.151391047436835
222,29.261489234203705
223,10.117061038797164
224,18.49575921457651
225,7.801260127613153
226,5.622038116527883
227,11.47891340197523
228,118.04543693645526
229,33.52968472785385
230,29.72414843686595
231,13.51832136604355
232,74.75663079156975
233,68.24570088813275
234,20.934647747009567
235,2.2477171687938573
236,14.21140922317683
237,2.2477171687938573
238,99.82073480926535
239,69.38763825424691
240,36.46465811645558
241,21.957382553824267
242,22.145822496554896
243,21.909578576061396
244,22.72863849780328
245,2.2477171687938573
246,11.833776281047223
247,2.2477171687938573
248,144.3399343426611
249,27.386630464181103
250,21.93248633892805
251,13.40601958813796
252,2.2477171687938573
253,29.044254081747123
254,40.510561942144975
255,20.407251110097647
256,18.85186607930015
257,20.78268079287999
258,29.018261561105593
259,82.48843623417346
260,6.120595569269885
261,59.398795706072605
262,88.57137577757854
263,69.54791125501905
264,22.218787567431733
265,37.035621601323996
266,44.4723316697028
267,24.646601520669495
268,18.01486113708007
269,67.00349817571488
270,2.2477171687938573
271,32.7083909969762
272,40.19325186514649
273,35.62736629472394
274,51.41710088471317
275,8.866780243719923
276,57.72376606992908
277,20.06603903796464
278,68.41578192232605
279,54.5685760320318
280,24.17090669435623
281,25.939388907271596
282,21.705069133600478
283,145.20597868149216
284,8.572721810187916
285,3.2648514194950375
286,19.610423612835845
287,49.696128985735804
288,38.72783528460402
289,21.625293268109978
290,7.116342635382767
291,88.37212031082306
292,42.0451378717347
293,12.06537766429559
294,2.2477171687938573
295,21.119901770398716
296,8.292140208693642
297,13.176272310607356
298,2.2477171687938573
299,6.604687834282006
300,63.81180092821299
301,51.45087866249095
302,20.721026146540318
303,114.19321056899746
304,11.821983299361282
305,67.74078107364093
306,79.1418745326014
307,24.504947518979996
308,14.084271799838573
309,14.724289878951279
310,43.80346085465139
311,48.5199001708281
312,2.2477171687938573
313,6.446350648055787
314,6.120595569269885
315,65.7000695590919
316,12.921066438520308
317,53.12132913414414
318,2.2477171687938573
319,81.96647993060581
320,18.39869527273904
321,31.822817775863086
322,10.691005750313048
323,96.47872949758361
324,22.18991040864281
325,21.35837671799343
326,21.205989785057
327,4.7190559636433385
328,17.500414468508126
329,28.293574725233594
330,6.830578482441135
331,21.480869025685738
332,13.28289470670147
333,28.61779951573624
334,19.482982401251114
335,28.204924051111387
336,37.892284466994425
337,48.411164059716995
338,22.298294247026647
339,2.2477171687938573
340,34.42285301582572
341,70.62478111138977
342,21.385226534843245
343,19.039916285108927
344,44.24870137532331
345,47.79579122431123
346,2.2477171687938573
347,4.58510854517857
348,54.45099777961118
349,60.883564212729354
350,2.2477171687938573
351,8.007347115389116
352,46.034146523295306
353,45.10068253599324
354,12.3934048876602
355,35.428784492664356
356,49.91171170953274
357,3.2648514194950375
358,21.045717545655677
359,21.64197457152878
360,72.67590638854607
361,6.446350648055787
362,23.12522094629132
363,21.957382553824267
364,36.23752020094004
365,21.59132821513917
366,115.50940107802411
367,22.145822496554896
368,37.43741753217227
369,39.98913691756291
370,25.43680264824202
371,5.622038116527883
372,129.6195239957243
373,29.46192687492079
374,76.02124661558378
375,21.64197457152878
376,23.12522094629132
377,10.508720412753755
378,12.107205323179397
379,157.70038526751026
380,79.39433616220381
381,6.122065754566846
382,35.671475535202774
383,67.22647468377026
384,9.564819654441163
385,44.64864958905229
386,45.03045674823473
387,21.18980172311894
388,6.604687834282006
389,89.88462960789855
390,47.78121929631526
391,2.2477171687938573
392,51.035589160970794
393,21.273148024348625
394,25.246646900381876
395,13.863229678378083
396,3.2648514194950375
397,21.540444097619915
398,20.896610871321357
399,87.77479400104687
400,28.99737323093574
401,47.4831236866067
402,45.18794654328382
403,118.04543693645526
404,22.866495264635986
405,25.82380731959592
406,118.69227431589734
407,19.50948259697551
408,5.622038116527883
409,21.64197457152878
410,57.616773402439506
411,4.7190559636433385
412,18.594712345753628
413,20.023029929408754
414,4.7190559636433385
415,12.539105331009678
416,43.15466141829556
417,58.736897212264836
418,21.73926165637741
419,22.591926450040575
420,47.27610671995113
421,2.2477171687938573
422,49.065550808619875
423,9.461797675446906
424,42.433278112218595
425,22.186393925126325
426,12.427050220422569
427,4.58510854517857
428,33.627243706943275
429,11.868666608626995
430,15.57341641321189
431,98.95440740161732
432,6.92548091203739
433,79.04455541497605
434,39.03027723623811
435,12.06537766429559
436,24.37712652049564
437,6.120595569269885
438,5.409853065890438
439,8.879120588933045
440,14.305781968020971
441,23.308992606711808
442,13.090808310271463
443,43.05470881668203
444,36.32866993989882
445,2.2477171687938573
446,8.378699409908593
447,40.07237446860803
448,48.08505885335783
449,3.2648514194950375
450,28.046529328782494
451,57.74178646093404
452,40.13620938266028
453,21.25445129576851
454,39.45835804098991
455,31.13565203871154
456,31.41511749232053
457,19.610423612835845
458,148.02656422095276
459,84.22090316636408
460,7.9629865080589886
461,30.51392463077428
462,30.890448136629526
463,18.946772143974655
464,88.11367564162849
465,8.9097605946645
466,19.026997825745763
467,13.293238235611025
468,97.94488996988039
469,31.215418846169413
470,43.060070595084454
471,3.2648514194950375
472,6.120595569269885
473,9.593800977934729
474,66.14289122843564
475,6.446350648055787
476,27.580795230499255
477,2.2477171687938573
478,24.79426744846713
479,10.691005750313048
480,77.5019761427513
481,14.561351372010716
482,10.09596612362482
483,2.2477171687938573
484,40.00986841789388
485,15.858107325106692
486,51.45087866249095
487,30.000038269842136
488,35.25225518811556
489,87.80952511160297
490,30.667865554132472
491,4.7190559636433385
492,21.803303188744902
493,88.57137577757854
494,147.99107938960765
495,9.602485203697638
496,22.294777763510165
497,12.253691223784342
498,36.6621042595788
499,4.7190559636433385
500,27.623443474075874
501,17.653326731907494
502,15.983805806021387
503,29.261489234203705
504,2.2477171687938573
505,15.223333553811022
506,5.622038116527883
507,21.205989785057
508,2.2477171687938573
509,18.307760328761717
510,44.99336963024145
511,45.535769230799445
512,36.77998804202809
513,151.43658430972977
514,27.844152881167716
515,6.830578482441135
516,37.21912586348844
517,38.34178989709968
518,21.13507034338756
519,82.0896898241078
520,72.0637181926261
521,128.95082202605613
522,7.5663484165966794
523,152.10503591726206
524,46.99231598400395
525,50.99458207988797
526,29.613619804398546
527,31.77940489429911
528,22.110403729047892
529,19.85241962122937
530,3.2648514194950375
531,24.268762337941798
532,20.23413819967287
533,88.62305925096788
534,10.508720412753755
535,10.84267257559785
536,54.61960235172898
537,3.2648514194950375
538,40.93318531671279
539,3.2648514194950375
540,53.46277324789429
541,11.178217659575767
542,29.32775123823994
543,21.625293268109978
544,5.622038116527883
545,17.245161447371807
546,69.38290486802529
547,53.905443724522705
548,63.7829865918888
549,56.606154674616754
550,8.43863711588078
551,21.23593101553281
552,21.507718842535557
553,35.05721776386244
554,20.42096193928158
555,9.39360689164991
556,2.2477171687938573
557,61.45704343308908
558,101.38334111231603
559,22.18991040864281
560,20.91331274658885
561,24.812843322727087
562,3.2648514194950375
563,22.05195812929505
564,7.9629865080589886
565,28.377696883788968
566,28.211585197717405
567,14.242503406588394
568,6.4106927649193395
569,15.20406223407141
570,61.017512079084845
571,100.47017751358439
572,2.2477171687938573
573,68.30970112202039
574,21.957382553824267
575,19.889877052636486
576,2.2477171687938573
577,6.446350648055787
578,39.142400890399415
579,27.29191469259043
580,5.7516266138670105
581,11.178217659575767
582,6.120595569269885
583,56.89736203449731
584,2.2477171687938573
585,9.053153715822145
586,14.89571802020429
587,21.28130111261833
588,21.189606057673274
589,39.32628316565038
590,2.2477171687938573
591,2.2477171687938573
592,81.37399605386872
593,13.453353303471133
594,21.984232370674082
595,7.431724232396134
596,16.993890765849386
597,50.20511397835957
598,90.58269252071459
599,82.73979761135837
600,2.2477171687938573
601,34.21263872691674
602,11.073499734139585
603,23.095122048721446
604,28.9485587822732
605,97.94488996988039
606,22.294777763510165
607,30.326696367203386
608,16.693734242152598
609,83.8768420601773
610,27.138177393775724
611,28.92460113586971
612,7.801260127613153
613,32.70862685200917
614,2.2477171687938573
615,21.957382553824267
616,53.21361893369394
617,2.2477171687938573
618,24.862386746115945
619,10.764716210292441
620,62.526809976537564
621,43.99300963774252
622,20.751083991105585
623,2.2477171687938573
624,41.07854219802032
625,6.120595569269885
626,22.755774959648534
627,40.45369649250919
628,88.1895917141682
629,16.381189121369033
630,53.92249449551657
631,16.282039095956634
632,17.408506273988053
633,51.12797718830555
634,68.78571892072345
635,8.286589448471027
636,13.249650916936389
637,21.245135056452273
638,7.9629865080589886
639,28.204924051111387
640,17.850398537917485
641,9.002025059341863
642,8.629056008448071
643,77.54799183470472
644,17.697366060246235
645,62.680407817964905
646,24.465177562759912
647,8.126884704397352
648,68.87361973592746
649,42.63639049216292
650,10.517171475648336
651,2.2477171687938573
652,69.34161232592687
653,21.466047561741217
654,41.96281717907914
655,5.7516266138670105
656,2.2477171687938573
657,42.169968205643826
658,3.2648514194950375
659,52.976890923329194
660,14.364155575667521
661,47.84987170835325
662,44.57744917979046
663,28.20117635947609
664,14.334627161666383
665,21.81152541096712
666,12.873559982840439
667,21.205614980657277
668,13.071036777295317
669,5.622038116527883
670,34.783582358657526
671,20.579523872364007
672,12.00320763284132
673,7.9629865080589886
674,2.2477171687938573
675,15.363152201919103
676,51.693710819370246
677,53.437647698256406
678,47.728558395892065
679,54.60376319544457
680,30.840706312037952
681,3.2648514194950375
682,11.47891340197523
683,109.14705428592731
684,38.64404776008009
685,76.35873694839879
686,49.94450621381316
687,2.2477171687938573
688,39.04784166586643
689,47.43475192815441
690,21.984232370674082
691,36.98807683249156
692,23.585213351595517
693,36.92821503441616
694,6.972721685812793
695,55.869860898904996
696,21.957382553824267
697,29.55101945588381
698,23.12522094629132
699,45.47695111324625
700,10.48188805207201
701,44.60384249923006
702,21.957382553824267
703,20.13621822630435
704,21.029244516360436
705,7.5663484165966794
706,21.813490391254792
707,2.2477171687938573
708,65.92260259087499
709,129.33327724247755
710,28.410135949868845
711,66.32860934514395
712,50.33991190678816
713,34.95966013862658
714,20.627446861638855
715,75.0625338427912
716,49.50762250331368
717,21.957382553824267
718,99.86857595835538
719,39.259748774411065
720,21.205989785057
721,19.885065903525295
722,67.7367890140905
723,21.957382553824267
724,10.858174417091831
725,71.77695493395493
726,21.39896706159958
727,35.61381532923676
728,24.862386746115945
729,51.83275940376103
730,2.2477171687938573
731,21.719404379221093
732,27.220030064520707
733,32.8457359454925
734,21.60143200024296
735,18.562211239655806
736,55.83523812150592
737,11.799059806715166
738,70.26588835536668
739,43.09328937426305
740,43.61886792232105
741,9.775591751543947
742,13.51832136604355
743,40.184553477244414
744,2.2477171687938573
745,57.167483861945946
746,10.539528916736675
747,46.30325498901591
748,28.99950614739115
749,75.90414262491893
750,112.67118990031295
751,19.621209620501233
752,127.1453532047359
753,49.81661750908234
754,16.21766802170679
755,23.237865392218723
756,27.58464138434541
757,32.7083909969762
758,2.2477171687938573
759,40.89147758206216
760,14.453673401547682
761,36.10145014517816
762,118.04543693645526
763,44.19126657812974
764,63.23038230766948
765,39.01402287187586
766,10.95944926415419
767,30.393143052489464
768,21.111878673945885
769,105.86106221221908
770,39.66174199003786
771,13.471184495732674
772,2.2477171687938573
773,12.921066438520308
774,21.604599803516006
775,2.2477171687938573
776,21.26537243811822
777,41.6177976233996
778,10.95944926415419
779,32.547421305864894
780,6.120595569269885
781,15.074727290642029
782,49.687038174734205
783,21.386757914574623
784,52.84127301943437
785,87.94395657081998
786,2.2477171687938573
787,26.20951256230637
788,49.75581297176826
789,64.4235463168629
790,51.035589160970794
791,110.58082504211762
792,21.35837671799343
793,21.273148024348625
794,14.819132023712887
795,18.12392788172394
796,22.218787567431733
797,11.939112216553651
798,2.2477171687938573
799,21.09742498810057
800,17.534596171598928
801,12.54832113685854
802,38.47588045454878
803,12.167033226830169
804,15.90462863372727
805,62.722636895973594
806,28.232087997236686
807,27.180891679490006
808,27.384281446743838
809,46.77913766124551
810,97.00516853928741
811,34.549780544868774
812,25.305470302793868
813,2.2477171687938573
814,70.87644511207748
815,88.30204374326259
816,26.191840418989933
817,19.610423612835845
818,96.51767575429461
819,26.273038396828095
820,36.135976624132255
821,58.97619410457496
822,22.186393925126325
823,26.75095587329015
